[[ 0.       0.       0.       0.       0.       0.59049  0.       0.     ]
 [ 0.1      0.09     0.081    0.0729   0.06561  0.       0.       0.     ]]
=====
[[ 0.        0.        0.        0.        0.        0.        0.531441  0.      ]
 [ 0.059049  0.        0.        0.        0.        0.059049  0.        0.      ]
 [ 0.040951  0.09      0.081     0.0729    0.06561   0.        0.        0.      ]
 [ 0.        0.        0.        0.        0.        0.        0.        0.      ]
 [ 0.        0.        0.        0.        0.        0.        0.        0.      ]
 [ 0.        0.        0.        0.        0.        0.        0.        0.      ]
 [ 0.        0.        0.        0.        0.        0.        0.        0.      ]
 [ 0.        0.        0.        0.        0.        0.        0.        0.      ]]
=====
[ 0.1       0.09      0.081     0.0729    0.06561   0.059049  0.531441  0.      ]
=====
[[ 0.         0.         0.         0.         0.         0.         0.
   0.4782969]
 [ 0.0531441  0.         0.         0.         0.         0.         0.0531441
   0.       ]
 [ 0.0118098  0.0531441  0.         0.         0.         0.059049   0.         0.       ]
 [ 0.0350461  0.0368559  0.081      0.0729     0.06561    0.         0.         0.       ]
 [ 0.         0.         0.         0.         0.         0.         0.         0.       ]
 [ 0.         0.         0.         0.         0.         0.         0.         0.       ]
 [ 0.         0.         0.         0.         0.         0.         0.         0.       ]
 [ 0.         0.         0.         0.         0.         0.         0.         0.       ]]
=====
[ 0.1        0.09       0.081      0.0729     0.06561    0.059049
  0.0531441  0.4782969]
[ 0.4782969  0.1062882  0.1240029  0.291412   0.         0.         0.         0.       ]
